  5.7442   16.1466
  5.5964    9.2877
  4.6695    1.6029
  5.1477    6.5978
  5.3252   28.5209
  5.0193    4.9097
  6.3368    4.3974
  8.0383   13.4233
  4.1767   12.8922
  5.6283    1.7799
  4.0576   14.4944
  6.8025   10.3233
  6.9099    4.0645
  3.8375    2.6787
  7.4437    1.8933
  4.4153    2.6245
  5.7268   13.0459
  6.5989    2.7591
  5.6472    4.2720
  7.7957    6.4622
  8.2526    5.0345
  5.6383    7.9964
  3.5929   10.7942
  5.1350    5.4556
  4.6519    1.9585
  4.7352   13.7447
  4.3723    6.7307
  5.5782   10.8460
  7.6066    5.2772
  4.7842   10.7387
  5.2195    5.4902
  6.6665    2.7909
  6.7128   20.8955
  5.9855    8.6429
  6.5260    9.4416
  6.3707    1.4481
  5.1182    7.2891
  5.9289    4.4285
  5.2009    6.3665
  4.6001   14.1644
  6.1347    8.3624
  5.5675    4.2642
  5.3129    1.8575
  5.7917    5.5673
  6.4877   23.3358
  5.8929    5.9112
  5.6946    0.7784
  5.7798    0.9226
  5.5512    2.4390
  4.7255    3.3237
  6.2868    3.1667
  6.9089    8.5950
  4.9659    4.4352
  7.4278    2.5523
  5.3238    2.0410
  5.2562    5.6460
  4.6024    1.7793
  4.7077    9.0754
  4.5470    2.0695
  5.8539    4.1672
  7.0970    4.1492
  6.0275    2.5905
  6.3542    7.3867
  6.8418    5.2808
  3.0005   10.9114
  5.3324    4.0789
  5.8530    4.2024
  6.2173    4.1233
  4.1951    2.2356
  4.4941    3.3552
  6.2907    9.8913
  5.3834    5.0728
  6.0531    2.6520
  4.5394    4.6516
  3.8662   12.4225
  6.2612    3.1981
  6.6933    2.5325
  7.1321   22.7010
  3.9678    6.4382
  4.1631    2.4913
  4.0262    8.8841
  5.4583    0.4662
  4.8845    6.5561
  6.8142    7.1113
  4.0449    5.8957
  3.7577    9.2868
  5.7053    7.1275
  6.6929    3.9619
  4.6972   10.3506
  4.2344   11.7942
  5.3507    4.8917
  3.8636    4.3537
  5.5173    5.2398
  6.3284    9.0802
  5.7177    7.1851
  3.5908    7.9832
  4.9632    2.1282
  5.1980    6.4360
  7.3136    7.4228
  6.4149    2.3182
  5.4429    4.6054
  6.8094   14.9039
  4.4553    3.5005
  5.1517    1.8417
  6.9126    4.1619
  7.0024    4.2462
  6.2304   14.2861
  5.9908    4.3123
  4.9139    3.6181
  6.2449    6.2972
  4.6718    7.0715
  6.0745    1.7020
  5.7818    2.7939
  6.6393    4.0083
  5.0741   11.6707
  6.1361    9.7082
  6.2932    5.0385
  4.6016    1.2080
  5.6562   14.2898
  7.0973    5.3120
  5.6124    5.0316
  5.1914    6.9899
  5.9567    4.2890
  5.2249    6.5746
  5.9431    1.0775
  5.3652    4.1485
  5.4817    1.0699
  5.9608    1.7701
  6.8623    5.1331
  5.9519    6.5267
  7.1484   10.1464
  3.4716    6.2131
  5.0507    1.5791
  5.7360    5.1502
  4.6648    9.5740
  4.2240    6.6327
  6.1170    9.6847
  6.1127    2.9245
  5.7894   11.3339
  5.8953    5.0559
  4.6294   10.2353
  5.0023    5.1545
  5.3933    0.3795
  4.8122    0.5585
  5.8319    5.4660
  7.8652    6.9190
  5.0178    9.2620
  6.1474    7.1002
  4.4656    9.0803
  6.8396    9.4960
  4.5309    4.6013
  5.7087    1.6669
  4.8814    8.1066
  6.0120    2.1593
  5.5114    5.6997
  5.4560    6.4124
  8.4491    2.3439
  4.8700    0.6041
  5.4531    3.0879
  8.1830    4.2296
  4.3533    5.0697
  6.0530   19.2162
  4.4235    1.4546
  6.5306    5.8141
  5.8275    4.1653
  6.1521    3.5091
  5.2211    8.1917
  5.7452    9.3968
  6.9725    2.6864
  3.2249   16.3552
  3.8667    5.5611
  5.9155    5.6030
  4.8452    3.5485
  5.2037   13.3437
  4.0031    8.8463
  4.5952    4.2979
  5.0958    4.1283
  4.7742    1.3451
  4.6335    2.5936
  5.0782    6.5685
  4.5573    4.1146
  6.8419    0.8776
  4.5116   21.6444
  7.3179    4.0240
  5.1256    2.1152
  4.0483    9.7499
  4.8813    2.4671
  6.4345    3.2845
  6.5559    3.2513
  5.6602    2.3917
  5.7874    1.0345
  6.1329    4.7075
  4.0410    6.2687
  4.9183    1.3248
  3.6699    3.6109
  5.0509   10.9194
  6.4493   11.8003
  6.2174   11.2152
  7.7878    3.0132
  5.6667    5.7767
  3.3435    4.1003
  7.1894    4.0474
  6.7823    3.4733
  4.9174    5.3297
  5.7226    7.9111
  6.2795   15.9801
  5.8847   15.9007
  6.1964    7.4791
  5.3873    7.8531
  5.4612    0.5632
  5.5881    1.3880
  4.7103   13.2791
  6.9230    9.0021
  5.5063    2.0829
  6.1865    2.7667
  4.6451    5.0249
  4.4248    3.6778
  5.4090    4.9107
  5.2472    2.2293
  6.6948    4.9404
  6.1061    3.0952
  6.0405    2.2059
  4.0551    3.0564
  4.5323    2.0254
  5.7021    1.2698
  5.1521    3.1863
  6.7901    9.7585
  6.8412    3.8398
  4.9192    8.9262
  6.3751    7.7048
  6.8954    2.2189
  5.8210    3.0122
  7.1234    5.8671
  6.5624    4.6566
  5.7141   10.3990
  6.3768    6.5295
  5.6944    6.0930
  5.0851    3.1212
  5.8585    7.8581
  5.5362   15.2875
  5.1354    2.8042
  7.2710    9.5702
  5.7213    4.8469
  8.2304    5.8958
  5.2038    5.6003
  6.0643    5.5542
  7.0826    1.9056
  8.2292    3.6516
  5.8036    4.3505
  4.7097    6.8142
  6.3034   15.6833
  4.1801    1.6448
  5.2262    9.5198
  5.7719    5.4130
  6.9896   19.6869
  6.9371    3.4313
  5.4724    6.1637
  6.4239    3.1439
  5.1787    6.4787
  6.1611    2.1231
  7.4153    3.6967
  5.6568    9.5074
  5.1995   10.2902
  5.0000   10.1877
  6.2165    4.3695
  6.8373    2.1005
  7.6257    3.6378
  5.5540   10.0085
  5.6630   11.0162
  4.8673    9.9418
  7.1120    5.8655
  5.4246    3.7120
  5.0268   17.6147
  7.6842    3.6565
  6.3099    3.8811
  6.2163   12.8825
  4.4944   10.2870
  5.9340    5.3361
  6.0201    5.7763
  4.4078    0.5577
  5.2742    8.4540
  5.0951    6.9291
  6.0279    5.7287
  4.4930    2.7461
  6.5890    7.4451
  7.2849    1.8771
  5.1962    2.9260
  5.4913    9.2991
  6.0066    6.8570
  6.7033    5.8811
  6.0220    8.2890
  5.8970    7.2287
  5.0172    5.2381
  5.2685   15.0576
  6.1134    5.1390
  7.1829    5.7529
  6.0684   10.3197
  4.2940    2.7023
  5.9331    1.4793
  5.4079    8.9801
  5.2559    9.3894
  5.2808    9.6499
  4.6202    8.0696
  5.1792    1.5910
  4.7156   11.5511
  5.1350    7.7619
  5.6173    5.4041
  5.6743    1.5134
  5.2843    4.4783
  5.3474    5.0060
  5.5337    0.6073
  5.9583    2.2112
  6.7816    1.0024
  6.1201    1.1685
  5.2133    8.8597
  6.0980    5.5193
  5.2545    1.3254
  3.7193    9.8708
  3.1528    3.6620
  3.7864    5.8223
  5.2629    4.3215
  4.8804   17.8021
  4.7798    3.4235
  5.5407    3.0688
  4.8410    5.7039
  4.8695    8.8034
  6.1096    8.0997
  6.2823   10.4099
  7.9366   11.1025
  5.8024    1.6360
  5.5583    2.7519
  4.9259    7.6229
  5.3048    2.4227
  5.4495    4.5524
  3.7442    2.2936
  5.2426    5.4583
  6.2495    4.3690
  4.9292    1.8471
  5.9942    6.4516
  6.4914    7.3658
  6.5771   16.7824
  6.2768   10.4002
  3.2402    4.1408
  4.9356    4.5467
  6.4015    7.6261
  5.8947    1.2532
  5.5049    1.4269
  5.9369    3.7204
  6.6301    1.5143
  5.6538    7.0522
  4.7414   10.2395
  5.3198    6.9342
  5.2922    6.6283
  6.3967    6.5257
  5.9123    2.4197
  6.0475   10.3427
  5.6478    4.5098
  5.1377    4.0853
  5.5611   13.7878
  5.7167    1.4104
  4.1019    4.3687
  5.6789   17.0940
  6.4276    4.2428
  5.3898    3.5196
  7.0724    5.2683
  6.0605    6.8848
  5.0797    1.1205
  5.3461   18.0340
  5.2248    2.2125
  5.7411    3.1880
  6.2547    9.4285
  5.2081    0.7556
  5.9584    6.8682
  7.2553    7.3309
  6.4315    9.9290
  6.3253    8.9888
  4.6852    3.4365
  4.9658    8.0976
  5.7426    5.3320
  5.3994    1.2282
  3.8750    4.9132
  3.9856    8.9421
  6.5262    2.7743
  4.7419    1.6695
  7.5783   25.5983
  3.2780    2.7138
  5.9488    1.9295
  5.5006    8.4751
  4.7438    6.4764
  5.9043    6.8700
  4.7061    1.1530
  6.3598   18.8473
  5.5669    1.2416
  3.8606    3.4529
  3.0753    6.9216
  5.2162    3.8693
  6.6458    3.1965
  5.6812    0.8594
  5.5543    6.2720
  6.1878    7.2354
  4.1066    2.3253
  6.9254    4.1816
  4.6061    2.8701
  5.5378    0.8666
  5.1364    3.3265
  5.6496    8.1278
  3.5555    7.5497
  7.0239    4.5667
  6.0458    8.0583
  7.5099    7.5509
  6.9167   10.8015
  5.5115    0.8851
  4.5610    4.9110
  3.7611    3.8709
  5.5170    4.1198
  5.7192    6.8912
  6.5458    2.8236
  4.5490    7.8414
  6.2948    0.5506
  5.5714    6.0254
  4.7263    5.5219
  6.2742    6.4319
  5.7657    2.2753
  5.2649    1.7401
  7.3773    2.4117
  6.1092    3.5644
  5.3897    3.4424
  5.7775    7.9057
  5.5870    1.3488
  5.6736    0.7480
  5.9536    9.9406
  4.8965    2.2463
  4.7030    7.5850
  5.8606    4.8306
  7.3851    9.1671
  5.1932   16.8140
  4.4873    6.9081
  5.2615    3.0994
  5.0160    6.8298
  5.1727    3.1852
  5.9755    3.4400
  5.3700   11.3614
  4.9056    2.1134
  5.0562    4.5205
  4.1775    2.4905
  4.6405   11.8342
  4.0870    4.3988
  4.9840    2.7102
  4.4149    3.7983
  4.7928   13.6741
  5.1983    4.7108
  4.2996    9.0316
  5.4806    8.7380
  5.8404    1.3289
  4.5368    4.8038
  6.6139    2.9161
  3.9139    2.6239
  5.1082    6.0284
  4.0153    5.2496
  5.1554    2.3254
  4.1761    5.6499
  4.9252    2.2948
  4.7593    6.8137
  4.3150    5.3055
  3.4351    5.5852
  6.0651    4.4500
  7.5001    3.9995
  7.7233    8.5098
  5.0078   15.4080
  5.4540   21.1663
  5.0343    5.8314
  5.5759    2.9029
  4.5812    2.9134
  3.5805    9.4124
  5.4636    9.4893
  4.2749    3.7525
  3.5976    8.9120
  7.8742   11.2979
  5.2667    6.3492
  5.9039    6.7039
  6.6925    4.7271
  3.8152   16.8393
  5.9131    3.0370
  6.0017    3.0774
  5.5831    6.3782
  5.6578    2.0557
  4.9721    3.6844
  6.2231    8.1017
  4.6501   15.6070
  4.7036    5.8125
  6.2253   11.0714
  7.1865    8.2394
  5.1136    3.7543
  4.9949    7.7272
  5.9081    2.0585
  6.5724    3.6828
  6.4680    3.9072
  5.7701   16.3126
  4.8656    9.5727
  6.1298    5.8843
